3500820035509776
3500820043900377
3500820043900726
3500820043901259
3500820051544379
3500820056487798
3500820056580830
3500820056580949
3500820060682512
3500820060682999
3500820060776740
3500820064128297
3500820064878015
3500820077465641
3500820077559271
3500820081755005
3500820089636016
3500820090146303
3500820090146727
3500820090147156
3500820090147164
3500820094341580
3500820094342251
3500820098443393
3500820098443441
3500820102732717
3500820106834409
3500820110609191
3500820111123927
3500820119515973
3500820127906945
3500820131745000
3500820132101932
3500820135437259
3500820140493831
3500820153079459
3500820169334210
3500820173189228
3500820173699219
3500820174057678
3500820181578421
3500820186285532
3500820202891247
3500820240303387
3500820270193214
3500820291169791
3500820299560417
3500820303562601
3500820307951721
3500820320341247
3500820337320600
3500820341516111
3500820345710523
3500820346072900
3500820350268337
3500820362493064
3500820366482529
3500820375078559
3500820379274873
3500820413201379
3500820413201726
3500820421229332
3500820437791326
3500820438010180
3500820454792307
3500820467742815
3500820479964772
3500820483592544
3500820484160262
3500820517724627
3500820542317798
3500820543263240
3500820551287513
3500820554901695
3500820555849939
3500820572265118
3500820572632689
3500820593610576
3500820613626539
3500820635566560
3500820639762101
3500820652348268
3500820659767332
3500820689740080
3500820693663724
3500820723411997
3500820731695058
3500820731695272
3500820748476935
3500820777216337
3500820782040499
3500820794334279
3500820807323356
3500820819801069
3500820849169098
3500820907906509
3500820912101780
3500820987733534
3500820996124514
3500821025037289
3500821025379815
3500821046357763
3500821062877924
3500821066644132
3500821067449167
3500821088427720
3500821100636975
3500821138395911
3500821172338749
3500821176154679
3500821196677337
3500821205066540
3500821239087632
3500821297686747
3500821297824464
3500821306075817
3500821306215853
3500821310793159
3500821314465015
3500821318320097
3500821319184303
3500821335967729
3500821343487727
3500821360758442
3500821369532219
3500821373727623
3500821394705264
3500821398517018
3500821403096894
3500821411103858
3500821432464713
3500821436276404
3500821461833744
3500821465471308
3500821473860594
3500821478616172
3500821491202478
3500821507078163
3500821511272823
3500821519662158
3500821532585476
3500821549939667
3500821566335657
3500821570531017
3500821624528427
3500821645501620
3500821717372784
3500821759326879
3500821767717254
3500821780069486
3500821792891007
3500821796508382
3500821800702844
3500821801042726
3500821809672291
3500821826584396
3500821860018547
3500821905568826
3500821910495955
3500821927278086
3500821927278463
3500821964632722
3500821964905510
3500821985266145
3500821985883255
3500821990078255
3500821993655410
3500822002402303
3500822044754694
3500822053145339
3500822057341796
3500822069531306
3500822090508761
3500822095101450
3500822095101548
3500822095101572
3500822132463659
3500822161439988
3500822162230936
3500822187404918
3500822208382121
3500822258328728
3500822262524397
3500822309077073
3500822317065453
3500822354390580
3500822380402255
3500822384597197
3500822392584320
3500822396413990
3500822434681729
3500822459855334
3500822468246464
3500822480689599
3500822510202599
3500822514254292
3500822518593532
3500822535375751
3500822547817451
3500822547962209
3500822552012355
3500822555809209
3500822556208609
3500822559926389
3500822559926392
3500822559926554
3500822559926584
3500822559926614
3500822560548518
3500822564198406
3500822564198443
3500822568315762
3500822568393229
3500822568393316
3500822568393355
3500822568393415
3500822572587805
3500822572990174
3500822572990229
3500822573135400
3500822573135679
3500822577330949
3500822577331953
3500822580899750
3500822580900019
3500822580977423
3500822580977434
3500822585722093
3500822593968127
3500822640264545
3500822669632596
3500822702544854
3500822707391970
3500822711439844
3500822724026558
3500822752880563
3500822799544659
3500822808085836
3500822841498707
3500822857823686
3500822857823942
3500822883605050
3500822887649341
3500822891845274
3500822917170516
3500822925408482
3500822929132225
3500822933952150
3500822954299771
3500823030449634
3500823050697760
3500823067792411
3500823071988685
3500823084992516
3500823092966276
3500823131144172
3500823151702353
3500823180806824
3500823189882945
3500823197507547
3500823218557771
3500823252114393
3500823252394805
3500823269598093
3500823315487026
3500823332108529
3500823344394802
3500823361173283
3500823403594403
3500823424091749
3500823432480999
3500823441189571
3500823441352780
3500823466037638
3500823466526768
3500823466526855
3500823478621440
3500823516372901
3500823575443774
3500823583834743
3500823613202495
3500823617398013
3500823642210999
3500823676301790
3500823734491391
3500823734870716
3500823755464316
3500823781020387
3500823806193241
3500823809994289
3500823814753938
3500823814754344
3500823818383416
3500823818950215
3500823822238463
3500823822974551
3500823827340677
3500823827341123
3500823831536403
3500823848318521
3500823865100320
3500823886078645
3500823948574953
3500823948575243
3500823994724971
3500824037117933
3500824045508544
3500824057658167
3500824078635490
3500824082641256
3500824082641389
3500824086496318
3500824095417059
3500824108003261
3500824137371585
3500824137810923
3500824141365572
3500824162983876
3500824167178954
3500824179765391
3500824188156498
3500824191911582
3500824212333563
3500824263234895
3500824267202015
3500824280195893
3500824288407273
3500824292369451
3500824296224379
3500824334557509
3500824347324811
3500824351338946
3500824355287760
3500824359912305
3500824368121412
3500824396893903
3500824439625953
3500824464346427
3500824464346505
3500824498179805
3500824519156075
3500824552720162
3500824565016540
3500824586282584
3500824590478805
3500824619846503
3500824624042267
3500824636815036
3500824645019446
3500824661987776
3500824674386917
3500824678582540
3500824716020684
3500824766875324
3500824775266257
3500824804634306
3500824829618505
3500824834004082
3500824838198813
3500824959413907
3500824992521306
3500825039128104
3500825076411541
3500825076411604
3500825077343829
3500825080606112
3500825084800809
3500825085278243
3500825089334854
3500825093189759
3500825093189775
3500825093189838
3500825093189869
3500825093529232
3500825093668726
3500825097723877
3500825106450868
3500825122891295
3500825123232096
3500825123232281
3500825127427405
3500825177080913
3500825181275427
3500825194198492
3500825253094013
3500825316224176
3500825316224300
3500825328611359
3500825333006275
3500825362374192
3500825387148680
3500825391743028
3500825403587434
3500825441886494
3500825492433087
3500825517403374
3500825538379994
3500825542778181
3500825563755199
3500825583954233
3500825588488281
3500825597115320
3500825597319966
3500825605506675
3500825626239404
3500825630433944
3500825659456626
3500825660046323
3500825743348030
3500825802071853
3500825807091974
3500825815482919
3500825832265333
3500825849046664
3500825857437537
3500825915701834
3500825932483747
3500825932484223
3500825940874967
3500825941347168
3500825949265190
3500826003804840
3500826016390528
3500826042037341
3500826045758410
3500826087712311
3500826108903303
3500826125393144
3500826129666356
3500826146662432
3500826150857892
3500826154839149
3500826221868505
3500826225723672
3500826243156786
3500826259722788
3500826267746361
3500826297696675
3500826310066186
3500826318003968
3500826339651219
3500826343171133
3500826343629479
3500826343629818
3500826347442988
3500826347825140
3500826347825170
3500826348041977
3500826348042307
3500826352237575
3500826364824170
3500826381387198
3500826394191349
3500826398387162
3500826419145871
3500826435451960
3500826461099069
3500826482075900
3500826507247113
3500826561786721
3500826565982234
3500826565982812
3500826574372980
3500826603740414
3500826612131560
3500826615895481
3500826641498601
3500826649375058
3500826649888740
3500826687870495
3500826738214847
3500826783601315
3500826792530132
3500826834709367
3500826838903962
3500826851264607
3500826897413370
3500826952180648
3500826981547800
3500826993329165
3500827010424386
3500827102952158
3500827119243757
3500827132320297
3500827212032514
3500827241399384
3500827270534019
3500827308291533
3500827329502616
3500827333698554
3500827341854408
3500827379229450
3500827387695985
3500827400279606
3500827442541731
3500827467392915
3500827480536224
3500827513861228
3500827589615350
3500827606157869
3500827610591592
3500827613863757
3500827614203217
3500827614203385
3500827614548154
3500827614787506
3500827618743850
3500827626787297
3500827627134500
3500827631329205
3500827631329463
3500827631569087
3500827643915036
3500827644154756
3500827644155191
3500827672588239
3500827690304328
3500827697755691
3500827702289924
3500827706844553
3500827719068173
3500827722923315
3500827749038166
3500827752992277
3500827753234004
3500827799140831
3500827799382605
3500827828507526
3500827845289024
3500827858117427
3500827862313377
3500827879094584
3500827895632642
3500827942025374
3500827958158781
3500827983733439
3500827983977885
3500828025423539
3500828025423905
3500828042050169
3500828054790984
3500828058985644
3500828066878004
3500828067217491
3500828071571555
3500828092794431
3500828109576487
3500828117966954
3500828117967260
3500828134500908
3500828134501069
3500828155725327
3500828159672602
3500828168063125
3500828193234956
3500828201874876
3500828239632830
3500828243827404
3500828356642267
3500828356850348
3500828361045632
3500828369687306
3500828373882609
3500828402998363
3500828461166491
3500828465360839
3500828474571067
3500828486903865
3500828532812873
3500828561834995
3500828579454750
3500828591786339
3500828604627227
3500828612762579
3500828659166598
3500828663105759
3500828680143212
3500828688010841
3500828692472748
3500828692729010
3500828793158282
3500828805744636
3500828818588152
3500828826091310
3500828847403788
3500828851258772
3500828851258788
3500828851598328
3500828855453274
3500828855453330
3500828860282103
3500828873127797
3500828877322935
3500828960316747
3500828964850927
3500828969045421
3500829002920901
3500829040678027
3500829052596790
3500829066112246
3500829070044381
3500829078698016
3500829091283380
3500829107801227
3500829108064851
3500829111997148
3500829112260659
3500829153265989
3500829161994753
3500829178773017
3500829258833231
3500829262762825
3500829275247471
3500829325691582
3500829342360129
3500829367910685
3500829392814962
3500829396889544
3500829404938925
3500829409473227
3500829447353173
3500829456012067
3500829464002278
3500829472391520
3500829476246499
3500829506355380
3500829531527053
3500829564331464
3500829569014654
3500829610810908
3500829627748545
3500829628019047
3500829631443918
3500829652416572
3500829652919241
3500829656611054
3500829703262501
3500829732901580
3500829745487974
3500829761473909
3500829778251771
3500829791362081
3500829795831573
3500829807952929
3500829811807818
3500829820729063
3500829838243269
3500829858286859
3500829900438990
3500829900713933
3500829908621131
3500829976228990
3500829980423865
3500830009514417
3500830043353013
3500830047548779
3500830084791377
3500830101230052
3500830106003889
3500830109619059
3500830109619162
3500830109619191
3500830109958746
3500830109958756
3500830113813535
3500830114153178
3500830122202698
3500830122542338
3500830126980238
3500830127258904
3500830138980967
3500830156346040
3500830156625612
3500830168932488
3500830185120595
3500830198578571
3500830210884331
3500830211163976
3500830311589270
3500830328350303
3500830336760160
3500830370040278
3500830407768974
3500830407797037
3500830411992817
3500830533604713
3500830558823468
3500830563018810
3500830575889967
3500830580084467
3500830588189350
3500830634273739
3500830638532146
3500830684966202
3500830735309045
3500830772777387
3500830822765381
3500830957364854
3500831049951741
3500831087708459
3500831107992780
3500831108391005
3500831120976668
3500831124771082
3500831167124024
3500831180003456
3500831225361836
3500831251027419
3500831301665602
3500831343320721
3500831356203082
3500831364593226
3500831368053141
3500831368789043
3500831372170363
3500831372687265
3500831372983855
3500831372984228
3500831376442195
3500831376882146
3500831377179222
3500831381374473
3500831389764617
3500831393960488
3500831418387566
3500831469211338
3500831494346287
3500831595067533
3500831636719267
3500831653280779
3500831699343197
3500831708037181
3500831737171330
3500831737705355
3500831770963465
3500831808720356
3500831837762619
3500831838389494
3500831888732695
3500831947159709
3500832018477258
3500832047566180
3500832055877989
3500832076927911
3500832085599045
3500832097823290
3500832114601291
3500832136248906
3500832182086840
3500832261147365
3500832261793835
3500832319870470
3500832379568565
3500832387647452
3500832438300934
3500832442496874
3500832496040121
3500832521207245
3500832534790413
3500832567686373
3500832579930474
3500832609988808
3500832610303350
3500832627083791
3500832630264648
3500832630264665
3500832630264725
3500832630264871
3500832630604072
3500832630604158
3500832630604186
3500832630604266
3500832634459189
3500832635474423
3500832638993111
3500832639354348
3500832639669619
3500832647744469
3500832660644967
3500832677426366
3500832727505796
3500832740037318
3500832773598114
3500832798384634
3500832903703143
3500832928074930
3500832995187213
3500833033431815
3500833037471750
3500833037947257
3500833087967977
3500833092484811
3500833104583621
3500833109265001
3500833121022316
3500833130241152
3500833155411738
3500833159607068
3500833213821872
3500833222211281
3500833234613272
3500833323217371
3500833351720325
3500833356778919
3500833398405559
3500833435950042
3500833528779964
3500833662695549
3500833717232026
3500833721427331
3500833729225691
3500833763121161
3500833787948822
3500833868254546
3500833889561012
3500833897345679
3500833901815291
3500833906342254
3500833939903089
3500834010258411
3500834031861805
3500834043814507
3500834065494818
3500834132238641
3500834153519331
3500834153592308
3500834169649771
3500834182884487
3500834194816778
3500834195470207
3500834215789352
3500834216519466
3500834220714219
3500834224909247
3500834236761680
3500834250079995
3500834287434949
3500834287435015
3500834304617435
3500834345818364
3500834346157677
3500834354207406
3500834367468104
3500834380129047
3500834383908201
3500834401104648
3500834409156907
3500834409495242
3500834429708163
3500834459408926
3500834463692435
3500834476186840
3500834514373586
3500834652470491
3500834657007456
3500834803835351
3500834841247337
3500834841591121
3500834849637359
3500834962749131
3500835004693866
3500835055194459
3500835059736031
3500835088244332
3500835147832740
3500835151679734
3500835151680075
3500835155875092
3500835160070045
3500835160418197
3500835164085004
3500835164613573
3500835164613581
3500835168460104
3500835168808146
3500835172474115
3500835176329231
3500835189435726
3500835189784263
3500835193446598
3500835206564541
3500835214605541
3500835235929893
3500835244319833
3500835244319933
3500835265295194
3500835303050760
3500835324026390
3500835327871258
3500835399275871
3500835411860718
3500835428552359
3500835487061805
3500835495672590
3500835503839798
3500835520842620
3500835528667399
3500835537056359
3500835567078340
3500835646452738
3500835655175029
3500835659278730
3500835667668285
3500835667760624
3500835776482546
3500835915268603
3500835919095517
3500835977818317
3500835986227085
3500835998812328
3500836136946531
3500836166612219
3500836212370569
3500836271487013
3500836296260116
3500836330217023
3500836355387046
3500836380919444
3500836401532345
3500836401532575
3500836405393391
3500836405727076
3500836406089503
3500836409510771
3500836422171413
3500836443845229
3500836447338397
3500836456067336
3500836472847453
3500836519355830
3500836565136747
3500836599061029
3500836728740859
3500836896539824
3500836917620863
3500836926010873
3500837080626715
3500837106395351
3500837152540171
3500837168787952
3500837169211091
3500837235899681
3500837244288694
3500837265261113
3500837290350976
3500837400045291
3500837408323462
3500837428845788
3500837458206884
3500837537824331
3500837551065019
3500837563650371
3500837579845873
3500837663657798
3500837663657821
3500837663657860
3500837663657890
3500837663734870
3500837663734885
3500837663953726
3500837667929350
3500837667929352
3500837672046839
3500837672343707
3500837672720138
3500837688901664
3500837689123243
3500837689123281
3500837689123580
3500837718865762
3500837723060790
3500837777217668
3500837793762997
3500837835707618
3500837835707624
3500837919845281
3500837982769524
3500838007680502
3500838033489044
3500838045430608
3500838099958193
3500838121583945
3500838171923873
3500838192899140
3500838196711762
3500838260019384
3500838284174308
3500838297096749
3500838297774132
3500838343235432
3500838423239422
3500838440019039
3500838531646222
3500838591160757
3500838674935126
3500838699423515
3500838779808530
3500838784003621
3500838842859332
3500838918368261
3500838922068322
3500838922562948
3500838926758298
3500838930457136
3500838939215727
3500838943538314
3500838985359284
3500839039893091
3500839115401776
3500839148229538
3500839169936197
3500839170065916
3500839236652271
3500839262355714
3500839274063210
3500839328930371
3500839358444879
3500839396593528
3500839429758366
3500839437986409
3500839442737909
3500839446538056
3500839459517813
3500839572384721
3500839576579709
3500839610138851
3500839638981030
3500839664147881
3500839668681497
3500839718675863
3500839756959576
3500839819342684
3500839827731589
3500839844848599
3500839882259257
3500839882806474
3500839937340081
3500839961953716
3500839962292925
3500840016820940
3500840121914183
3500840143290175
3500840150704470
3500840168057708
3500840172016024
3500840175871235
3500840180065741
3500840180404920
3500840180782003
3500840188454722
3500840188793791
3500840188793841
3500840188793866
3500840189171859
3500840192649199
3500840192988342
3500840192988358
3500840197421751
3500840205951893
3500840210146394
3500840226204930
3500840268149469
3500840285655154
3500840289460909
3500840314878192
3500840323408852
3500840335993585
3500840377800969
3500840406905712
3500840428281620
3500840449256439
3500840490794986
3500840507572852
3500840528205971
3500840646272029
3500840822456299
3500840851819998
3500840856161157
3500840863761675
3500840893915168
3500840902304689
3500840956378534
3500841028004022
3500841078342250
3500841187557371
3500841333965542
3500841417861885
3500841426156709
3500841430446378
3500841430860252
3500841438740060
3500841439249889
3500841439250107
3500841451834643
3500841456029843
3500841493369375
3500841565096644
3500841694721940
3500841720307255
3500841762256128
3500841807850193
3500841854543453
3500841891738905
3500841896492530
3500841979822258
3500842055635958
3500842089194571
3500842101622079
3500842130985633
3500842164702375
3500842205982386
3500842239537704
3500842256831476
3500842365370072
3500842441404284
3500842453988698
3500842496097798
3500842504326446
3500842642917223
3500842697450040
3500842705119415
3500842713847394
3500842714067275
3500842722456665
3500842726651343
3500842735204183
3500842789573650
3500842797736299
3500842810547351
3500842835880007
3500842872897112
3500842886218019
3500842944541683
3500842982534753
3500842999313505
3500843041426898
3500843082958449
3500843137741640
3500843166847467
3500843183884087
3500843213248003
3500843234221795
3500843234221985
3500843246542116
3500843439504585
3500843447875303
3500843477257653
3500843510453083
3500843527230859
3500843535985111
3500843649244080
3500843695819750
3500843707971496
3500843867373180
3500843913195030
3500843955062818
3500843955062848
3500844026774487
3500844110333516
3500844110669773
3500844114864581
3500844127449006
3500844198934380
3500844249097478
3500844337187220
3500844341027297
3500844416450542
3500844450082475
3500844454817102
3500844471419495
3500844471596309
3500844484180606
3500844542283511
3500844555314756
3500844680776167
3500844689547112
3500844718910170
3500844719088669
3500844765231404
3500844789754812
3500844953816522
3500845016253978
3500845075463944
3500845083853687
3500845167253318
3500845167748193
3500845209197601
3500845209197605
3500845209197687
3500845209274135
3500845209274138
3500845209274211
3500845213468559
3500845217586526
3500845221857541
3500845234864516
3500845235046627
3500845239059662
3500845243254114
3500845314747572
3500845322954556
3500845331344074
3500845439891189
3500845469770656
3500845675497639
3500845700480887
3500845775724087
3500845843287964
3500845902014814
3500846053026554
3500846170028678
3500846207208148
3500846207546813
3500846254375003
3500846316844532
3500846467854702
3500846471456155
3500846471794701
3500846475989097
3500846480439079
3500846489019624
3500846497409099
3500846497409382
3500846551941132
3500846555683114
3500846706682311
3500846711149240
3500846845574279
3500846916885158
3500846933180524
3500846988001683
3500847000585774
3500847050285500
3500847076090878
3500847084675296
3500847113843060
3500847134173595
3500847222256115
3500847281631768
3500847381643964
3500847411667989
3500847419393565
3500847419393589
3500847466199043
3500847478981186
3500847482978213
3500847487172617
3500847528448176
3500847725585351
3500847725585377
3500847725923769
3500847725923771
3500847725923826
3500847726271101
3500847729779737
3500847730118175
3500847730465720
3500847730665333
3500847738168562
3500847738507061
3500847739054760
3500847831138547
3500847872389614
3500847986543685
3500848070236386
3500848077915293
3500848124392267
3500848178581066
3500848183492832
3500848221447388
3500848301147613
3500848321529429
3500848389236612
3500848497694588
3500848497832375
3500848518328114
3500848632062227
3500848690787814
3500848694982266
3500848745786804
3500848795654618
3500848799849337
3500848934548402
3500848938107365
3500848967129690
3500848988816982
3500848996490638
3500849081100732
3500849105883478
3500849122839501
3500849240499520
3500849265458711
3500849391508465
3500849429050841
3500849454218729
3500849496375701
3500849512944243
3500849650817022
3500849685136992
3500849797621228
3500849831738810
3500849844097966
3500849865069947
3500849882074919
3500849902481042
3500849944995020
3500849978765434
3500850028651452
3500850196674091
3500850221255339
3500850255399227
3500850272393241
3500850300949375
3500850310145515
3500850314124897
3500850347681882
3500850351282292
3500850427119988
3500850498905845
3500850506475397
3500850507078983
3500850569391570
3500850586993941
3500850678446408
3500850758756803
3500850762951543
3500850775535475
3500850813505261
3500850838673163
3500850968706881
3500851006239821
3500851090351992
3500851110470505
3500851177919024
3500851186307772
3500851262112144
3500851300084611
3500851308253198
3500851311801270
3500851320837027
3500851354083442
3500851433776836
3500851459481148
3500851462799397
3500851496749117
3500851501427499
3500851509275896
3500851517722436
3500851538695273
3500851651949809
3500851681311996
3500851698023736
3500851941864313
3500851962351412
3500852033659940
3500852046157871
3500852092609486
3500852268558642
3500852398486712
3500852398592075
3500852428181011
3500852452675735
3500852512073650
3500852742778486
3500852758866580
3500852758866586
3500852758866596
3500852759204714
3500852759204747
3500852759328746
3500852763060947
3500852763060951
3500852763061004
3500852763523331
3500852763523393
3500852763751611
3500852767718292
3500852780302245
3500852860228678
3500852989896241
3500853102806706
3500853103287239
3500853233320275
3500853271071910
3500853333991023
3500853535331852
3500853795630835
3500853837577128
3500853887156467
3500853946637068
3500853988348937
3500854001167321
3500854017520103
3500854026335159
3500854029765234
3500854030529723
3500854038684419
3500854042878880
3500854252143237
3500854269622889
3500854311569601
3500854328348091
3500854491701038
3500854516868844
3500854525495217
3500854529452651
3500854596566242
3500854609387639
3500854634317413
3500854789024192
3500854856134453
3500854953345409
3500854953345476
3500855032803517
3500855074988977
3500855275497263
3500855275572985
3500855283886037
3500855283886070
3500855283886073
3500855283886105
3500855283961761
3500855292605141
3500855301497233
3500855364416207
3500855389080561
3500855405858897
3500855774981551
3500855884284183
3500855938570565
3500856030851085
3500856035289894
3500856093769938
3500856253163421
3500856261797644
3500856341249724
3500856387389877
3500856403786502
3500856429581087
3500856542276880
3500856542588989
3500856546395624
3500856546783546
3500856635116182
3500856705782135
3500856802652817
3500857000045317
3500857154996215
3500857192329561
3500857209107021
3500857302055558
3500857310444535
3500857347946385
3500857427892609
3500857540895678
3500857540895765
3500857545340513
3500857628981663
3500857645397443
3500857650205055
3500857792820374
3500857796763833
3500857801209602
3500857809598873
3500857822182729
3500857826377234
3500857889295891
3500857901627924
3500857968740510
3500858048058108
3500858098771706
3500858119286971
3500858287779302
3500858375611963
3500858442724564
3500858493059116
3500858568815232
3500858820489040
3500858883151949
3500858971492951
3500859050513715
3500859063517371
3500859076357134
3500859143470216
3500859508134537
3500859528849298
3500859571052937
3500859574989409
3500859663333247
3500859671722287
3500859788723852
3500859814337355
3500859817746827
3500859885644888
3500860027465483
3500860052969326
3500860254765078
3500860308488177
3500860308488201
3500860308825793
3500860312682540
3500860312682547
3500860313020133
3500860313020160
3500860317214545
3500860330006193
3500860334200659
3500860418352668
3500860426741805
3500860464492888
3500860585654350
3500860606845615
3500860833350237
3500861244413061
3500861282428103
3500861307595219
3500861345346132
3500861357418635
3500861370513349
3500861458598490
3500861462792890
3500861529905311
3500861576045225
3500861579382502
3500861584169225
3500861609601631
3500861647086964
3500861722328562
3500861781311641
3500861894563872
3500861999693478
3500862015596285
3500862041638897
3500862045566433
3500862100362667
3500862104289988
3500862125262620
3500862154624177
3500862330173522
3500862406563597
3500862536325335
3500862553371776
3500862591122849
3500862662429947
3500862821821549
3500862825108758
3500862825108808
3500862825108833
3500862825446266
3500862825446267
3500862825746953
3500862829303152
3500862829303160
3500862829303222
3500862834405501
3500862842794630
3500862888664729
3500862930610061
3500863194550393
3500863207447917
3500863312310456
3500863333554057
3500863337748729
3500863416514141
3500863618782190
3500863647541735
3500863769178385
3500863861116991
3500864083418423
3500864084373727
3500864230919969
3500864301862659
3500864339977702
3500864344159795
3500864473494130
3500864482316507
3500864599762720
3500864616815833
3500864650372120
3500865027601540
3500865040185101
3500865090065399
3500865304715783
3500865367356013
3500865380217235
3500865447329395
3500865522830359
3500865594137155
3500865598331704
3500865606720840
3500865736750425
3500865749334023
3500865778416697
3500865862306781
3500865879363924
3500866013587912
3500866264977759
3500866567261700
3500866605012063
3500866609206591
3500866621009972
3500866772791828
3500866839453846
3500866897837826
3500866994308123
3500867116739740
3500867364214589
3500867389381612
3500867405355636
3500867485571308
3500867560547075
3500867627656866
3500867808830517
3500867838191857
3500867850775235
3500867858346780
3500867858346790
3500867858346794
3500867858683883
3500867858683886
3500867858683919
3500867859164323
3500867862878247
3500867863074310
3500867867553294
3500867867553323
3500867875657943
3500867880136874
3500867967936396
3500868068888778
3500868169556842
3500868181649602
3500868202284350
3500868328947254
3500868366697898
3500868400253956
3500868547060759
3500868622561372
3500868630950645
3500868689673420
3500868731331521
3500868756498317
3500868840674861
3500869020750318
3500869125612044
3500869130094463
3500869130094515
3500869344012886
3500869419513788
3500869427902587
3500869431567510
3500869591487259
3500869625043331
3500869717321768
3500869888414961
3500870010645200
3500870119729464
3500870228785923
3500870362980093
3500870374960415
3500870375297385
3500870379786910
3500870383349188
3500870383349197
3500870383349198
3500870383686100
3500870387543550
3500870392074861
3500870480425315
3500870513981064
3500870631455657
3500870643736128
3500870841179265
3500871256139075
3500871420016849
3500871550045213
3500871575211927
3500871633266985
3500871637835026
3500871642323449
3500871675585290
3500871897891705
3500872133076215
3500872602856160
3500872640309857
3500872896468505
3500872900662927
3500872917440899
3500872992644266
3500873395609525
3500873399506084
3500873638888389
3500873655666439
3500873685027584
3500873961562286
3500874120628377
3500874159000563
3500874163195032
3500874632973950
3500874653645662
3500874670724167
3500874800451204
3500874914002319
3500875349922940
3500875412183889
3500875412183922
3500875412183954
3500875412183965
3500875412523955
3500875412523993
3500875416718357
3500875509311866
3500875572228614
3500875664506304
3500875886811509
3500876302061606
3500876377865846
3500876503394891
3500876578894895
3500876578894923
3500876671477628
3500876675672170
3500876692449991
3500876705033358
3500876779576044
3500876830561395
3500876922839081
3500877090660584
3500877132605017
3500877161613631
3500877287105120
3500877417133471
3500877677838334
3500877774310463
3500877908577706
3500877920468600
3500877920811600
3500877920811674
3500877924663080
3500877924663157
3500877925355517
3500877928857547
3500877928857598
3500877929200563
3500877958561386
3500878021782251
3500878046948806
3500878302507774
3500878307050209
3500878399327958
3500878554522471
3500878650994627
3500878697133635
3500879007522415
3500879192077817
3500879363360983
3500879426655684
3500879443744517
3500879648960811
3500879686710643
3500879732849588
3500879796077480
3500880307485856
3500880454290761
3500880454290808
3500880458798060
3500880458798091
3500880462679781
3500880471381552
3500880487846436
3500880504937150
3500880538492604
3500880542686939
3500880655936649
3500880693373185
3500880706270016
3500880723047816
3500880945039164
3500880953741968
3500880957622600
3500881095672977
3500881352213436
3500881372592598
3500881389963342
3500881704230526
3500881708740157
3500881708740196
3500881863618835
3500882199489301
3500882274672740
3500882295961399
3500882299218827
3500882463422152
3500882707015953
3500882727988322
3500882837043539
3500882953553867
3500882953553893
3500882953902742
3500882953902748
3500882957748244
3500882957748314
3500882957748362
3500882958097075
3500882962876593
3500882966753241
3500882983531063
3500883054220533
3500883474597944
3500883499764666
3500883738527899
3500883964414625
3500884212497345
3500884225400969
3500884229595411
3500884464162636
3500884577150364
3500884724538132
3500884737121467
3500884913287415
3500884987854842
3500885008827066
3500885201772313
3500885474410547
3500885533800459
3500885579878443
3500885579939159
3500885739327500
3500885806438348
3500885978348295
3500885986798759
3500885999382161
3500886058042421
3500886171353443
3500886267763241
3500886439796760
3500886494324339
3500886615962623
3500886716565599
3500886741795231
3500886741795232
3500886959841628
3500886989202580
3500887031146831
3500887148088134
3500887240867613
3500887530346763
3500887588742012
3500887656179384
3500887744262273
3500887828150867
3500887995927736
3500888003756117
3500888075621877
3500888095941553
3500888276954252
3500888285015117
3500888440536549
3500888498608882
3500888524096920
3500888595174136
3500888607985072
3500888696067728
3500888775761756
3500888808998433
3500888817480319
3500889254254213
3500889623363438
3500889719504598
3500889753059977
3500889778226559
3500889824364997
3500890017638949
3500890029891283
3500890181221316
3500890508054003
3500890520071718
3500890550330451
3500890608155219
3500890650664381
3500890696802869
3500890743273608
3500890760051351
3500890994938774
3500891640348824
3500891699601274
3500891770572358
3500891774766812
3500891790990218
3500892219709238
3500892253264555
3500892307457036
3500892311986484
3500892512795882
3500892777230901
3500893028353404
3500893032547854
3500893037620636
3500893050203896
3500893050203907
3500893125366814
3500893267437130
3500893356396442
3500893389951814
3500893570311703
3500893796472391
3500893805198961
3500893846805346
3500894115585639
3500894295945366
3500894400805777
3500894538959396
3500894538959403
3500894811519191
3500894811596388
3500894866123832
3500895147071606
3500895222570902
3500895289759452
3500895549813039
3500895578579092
3500895650400445
3500895801477985
3500895951886738
3500896019508053
3500896044753815
3500896053063219
3500896170506868
3500896317311246
3500896606725576
3500896803943340
3500896808057108
3500896858470813
3500897021971824
3500897168776047
3500897252664100
3500897315661888
3500897449801287
3500897466578937
3500897562788142
3500897792990112
3500897810258030
3500897952867795
3500897965450998
3500898028367047
3500898057607079
3500898061922340
3500898062267211
3500898082894546
3500898162933232
3500898317295850
3500898540084586
3500898582374630
3500898838233686
3500898863400189
3500898988885987
3500899005663661
3500899135213796
3500899320243963
3500899328979893
3500899365908240
3500899613852398
3500899739684431
3500899776964145
3500899836155852
3500899844544690
3500899848739081
3500900066749556
3500900620858798
3500900679580502
3500900687969252
3500900830579149
3500901018978125
3500901040299744
3500901606194945
3500901837237969
3500901837237995
3500901866599027
3500902093097130
3500902164050747
3500902298623161
3500902499474310
3500902780980301
3500902843896370
3500903028450210
3500903087171908
3500903103089930
3500903103459232
3500903107791078
3500903108144050
3500903120727393
3500903191679308
3500903263337293
3500903300224061
3500903452085678
3500903523036962
3500903569529096
3500903640072883
3500903674035720
3500903749534872
